0 
0.15092684 0.40563240 0.86679833 
-0.21330928 -0.62214790 0.68137282 
0.86495979 -0.68157786 -0.09178751 
-0.73819717 0.86653680 -0.87112873 
-0.54158804 0.91857618 -0.10242023 
0.63028171 -0.33712596 0.98027321 
-0.19146558 0.45699983 -0.13604753 
0 
-0.21392078 -0.35932213 -0.19269368 
-0.55693599 -0.41540663 -0.47483601 
-0.47887868 -0.70478777 0.85649641 
-0.17377578 -0.50705857 -0.74334500 
0.78674200 -0.01935129 0.32865073 
0.91457703 0.07959075 0.93114924 
0.26245886 0.65713593 
0 
0.75441676 0.98055569 -0.03943300 
0.97880617 0.50103420 0.63195989 
-0.11412951 -0.40666064 -0.67328492 0.38192384 0.49542390 0.11489916 0.74614473 -0.76811261 -0.43171998 -0.20188807 0.13175370 -0.26475394 0.43677010
0 0.68608133 0.90932187 -0.19710608 0.72943454 -0.71769017 -0.37571404 -0.14013407 -0.73160016 0.49210213 -0.40679618 -0.41112465 -0.45467659 0.82759081 -0.38969513 0.75339458 -0.20169048 -0.84147503 -0.11421597 -0.63190368 0.68225258 -0.98055643 0 0.97684752 -0.07468257 -0.03760126 -0.30643799 0.56798932 -0.60985873 0.86030421 0.45413096 0.49155953 -0.86210293 0.72216383 -0.46201671 0.15683317 -0.87714980 -0.24527052 0.16527221 0.98055567 0.19247114 0.41849349 -0.63129319 0 0.09020230 0.19555596 -0.19700988 -0.10027159 0.40626672 -0.06626446 0.16195618 0.28024459 -0.65854059 -0.79130290 0.09337618 -0.48605663 -0.66126197 0.58356472 -0.86724837 -0.35063198 -0.93530230 0.90981331 -0.50538861
0 -0.71169762 -0.09271514 0.45805005 -0.64994185 0.31281436 -0.62814810 -0.48187862 -0.01458864 -0.86568502 -0.53812806 -0.28300263 -0.18548299 -0.14756642 0.06599624 0.64954346 0.74971055 0.42221542 -0.16130450 -0.75102508 0.57068606 -0.14142190 0 0.00261201 0.93022047 -0.98053827 0.77195729 0.71051070 0.63451012 0.17479094 -0.54501309 -0.15742657 -0.47600474 -0.47050081 0.48371353 -0.59702628 0.47982679 0.91204774 0.36909885 -0.17937641 -0.30970301 -0.86947027 -0.41187531 0 0.65016836 
0.01638295 0.97960816 0.17856116 
0.76414140 -0.77216301 0.98017583 
0.86953441 -0.33617214 -0.47746613 
0.86361800 -0.86634124 -0.07746387 
-0.26354363 -0.24798813 -0.91449353 
-0.32840610 -0.31960147 0.74418696
